1 1 4 139 155 262 717
2 2 5 26 56 427 448 923
3 3 7 0 67 168 170 242 605 995
4 4 14 102 144 149 225 481 577 639 690 710 718 868 922 934 966
5 5 15 116 253 319 324 368 470 518 618 619 730 737 751 867 891 959
6 6 11 32 110 185 229 242 355 388 501 512 630 989
7 7 3 342 445 599
8 8 13 78 146 186 221 267 271 308 365 500 589 733 810 864
9 9 12 87 141 143 297 345 352 363 390 524 690 826 959
10 10 14 2 118 144 168 186 234 288 384 596 680 739 789 816 895
11 11 9 31 49 111 115 441 612 801 878 914
12 12 19 10 14 26 36 110 117 170 210 285 308 498 507 664 755 814 847 891 893 922
13 13 9 66 88 219 265 403 439 549 561 997
14 14 8 14 38 194 279 376 425 470 544
15 15 11 49 214 288 416 494 732 778 831 918 979 980
16 16 13 0 67 286 543 582 600 653 663 850 910 945 951 985
17 17 14 56 178 191 229 294 396 401 463 542 607 749 788 849 917
18 18 11 18 185 210 269 552 574 649 663 720 800 959
19 19 8 18 120 186 218 221 292 427 598
20 20 8 288 310 346 389 477 552 786 898
21 21 5 178 504 832 932 967
22 22 14 60 322 378 425 427 435 544 612 701 750 792 797 878 928
23 23 16 14 16 85 86 110 111 335 504 599 638 668 690 821 829 864 880
24 24 12 162 189 262 292 321 359 408 700 857 878 898 932
25 25 10 204 210 262 524 555 589 657 749 797 886
26 26 5 32 74 187 194 244
27 27 5 460 574 679 738 805
28 28 12 18 43 67 111 248 516 593 595 749 755 868 915
29 29 12 138 218 268 324 396 426 595 596 739 768 826 988
30 30 12 24 28 162 234 239 269 321 395 424 662 741 984
31 31 5 504 709 733 755 774
32 32 16 12 54 86 99 293 394 406 408 448 494 569 602 625 641 735 878
33 33 8 285 319 395 492 523 529 670 971
34 34 5 117 181 244 630 706
35 35 10 54 67 99 146 189 318 387 589 737 981
36 36 7 113 413 431 514 718 776 914
37 37 7 30 195 230 443 472 680 733
38 38 4 305 449 496 605
39 39 7 74 425 431 676 709 739 992
40 40 5 43 194 252 449 595
41 41 10 18 128 134 154 261 276 375 408 800 959
42 42 7 18 210 279 552 720 773 821
43 43 18 6 26 54 91 345 458 466 591 607 619 654 664 724 792 807 810 828 866
44 44 4 124 288 474 593
45 45 5 56 623 737 766 906
46 46 12 21 103 144 186 244 279 381 408 550 565 677 877
47 47 10 19 346 390 427 429 452 597 618 831 900
48 48 8 30 285 319 396 569 577 656 945
49 49 12 161 162 170 210 266 531 614 641 749 779 852 980
50 50 6 307 308 589 653 932 959
51 51 15 2 37 129 132 141 196 209 331 384 417 498 601 824 925 958
52 52 16 16 18 56 166 305 457 489 550 605 622 639 692 721 917 938 939
53 53 14 102 117 227 261 318 460 533 618 689 690 711 737 807 828
54 54 11 49 50 660 709 852 889 891 892 918 934 941
55 55 6 336 351 550 552 670 696
56 56 5 218 420 521 542 843
57 57 18 0 6 48 142 185 245 279 304 322 403 448 515 542 733 764 866 935 945
58 58 4 141 359 396 618
59 59 15 24 30 100 111 172 279 408 482 522 541 773 801 878 879 908
60 60 12 26 111 274 577 578 595 636 749 778 828 872 984
61 61 8 102 207 315 396 474 511 692 769
62 62 6 429 567 615 827 829 857
63 63 10 190 318 323 419 623 851 854 925 977 994
64 64 11 28 141 210 307 395 405 408 540 648 771 875
65 65 15 2 67 117 154 187 207 223 315 454 496 532 587 599 601 909
66 66 17 108 111 134 202 226 262 288 315 676 733 749 783 792 859 861 935 959
67 67 9 14 44 108 132 146 170 410 844 934
68 68 14 28 133 147 191 242 261 269 395 448 456 542 708 853 880
69 69 4 562 617 813 978
70 70 12 14 67 72 403 464 482 539 542 623 667 779 783
71 71 11 144 186 277 322 496 598 667 704 739 792 917
72 72 11 86 164 181 308 458 549 690 739 744 847 928
73 73 15 44 149 199 241 245 279 292 331 478 614 688 703 778 813 918
74 74 6 41 207 331 368 408 641
75 75 13 116 221 261 265 292 313 315 406 550 563 609 837 875
76 76 8 14 143 279 338 491 802 891 928
77 77 8 1 39 48 131 194 276 322 407
78 78 13 78 111 141 269 321 348 419 437 589 709 798 806 905
79 79 8 110 151 207 253 307 359 623 677
80 80 12 191 356 365 406 428 523 589 649 711 749 814 916
81 81 4 28 492 706 806
82 82 5 34 162 308 524 541
83 83 9 356 406 428 589 649 711 749 814 916
84 84 16 86 119 192 244 246 308 315 376 406 492 501 523 564 909 919 987
85 85 4 18 552 717 801
86 86 5 34 115 170 351 978
87 87 9 1 90 322 389 431 559 702 737 946
88 88 12 34 87 110 152 186 307 512 552 587 648 718 737
89 89 11 91 246 281 342 400 419 470 512 764 923 981
90 90 11 48 301 449 527 599 601 612 694 829 880 919
91 91 9 14 60 234 429 565 659 663 828 829
92 92 11 81 90 136 139 242 403 542 600 720 827 876
93 93 9 46 48 152 267 523 574 733 864 900
94 94 7 163 523 608 725 742 781 912
95 95 13 8 21 23 322 445 514 518 542 719 743 932 951 966
96 96 10 2 35 54 192 233 313 317 797 840 925
97 97 9 134 152 276 288 425 471 482 613 861
98 98 10 49 121 218 244 336 562 805 847 930 990
99 99 7 29 85 316 466 680 772 858
100 100 5 60 632 698 857 945
101 101 16 60 190 288 307 366 368 387 396 404 654 741 752 805 871 889 952
102 102 11 8 308 331 471 494 616 623 824 898 925 994
103 103 10 14 218 366 396 409 426 601 669 734 826
104 104 7 2 32 48 593 851 860 957
105 105 10 69 141 163 401 420 459 593 739 946 947
106 106 11 6 18 34 57 310 348 423 477 500 733 917
107 107 13 4 63 162 239 318 331 416 457 460 552 704 857 916
108 108 10 37 111 215 305 539 597 774 802 895 898
109 109 16 37 72 90 94 378 408 443 478 500 593 679 704 720 749 874 917
110 110 9 18 114 185 345 609 738 825 871 895
111 111 3 34 209 472
112 112 6 116 322 743 778 857 963
113 113 10 12 218 300 319 408 443 593 596 773 934
114 114 13 19 30 56 119 221 309 376 489 653 749 792 800 843
115 115 8 5 141 163 239 449 699 750 959
116 116 18 14 18 49 100 186 221 242 244 318 331 335 364 691 769 778 798 813 909
117 117 11 108 117 234 255 348 351 514 672 701 875 889
118 118 8 184 313 441 600 663 747 755 928
119 119 3 190 397 554
120 120 12 75 144 146 184 262 276 308 441 636 742 791 878
121 121 12 74 159 179 244 310 321 567 582 596 680 701 878
122 122 9 49 87 244 427 524 685 701 733 790
123 123 3 4 63 792
124 124 17 14 46 122 170 416 478 549 599 641 652 776 792 808 877 886 895 931
125 125 14 13 145 186 304 313 543 617 636 654 709 766 846 878 948
126 126 10 115 214 261 266 307 599 664 766 931 963
127 127 10 72 103 160 321 452 460 660 662 842 912
128 128 9 1 100 192 262 479 608 744 833 938
129 129 11 2 56 111 123 270 384 458 497 642 685 914
130 130 6 11 18 215 261 542 796
131 131 1 704
132 132 11 81 324 408 542 545 550 749 874 876 896 917
133 133 13 94 146 167 267 389 436 593 630 799 917 939 951 970
134 134 14 286 310 336 431 444 526 539 545 558 593 868 875 920 944
135 135 11 78 79 94 184 186 221 227 313 351 394 898
136 136 9 111 121 131 318 364 567 616 653 751
137 137 9 117 152 524 608 621 803 829 896 899
138 138 5 93 315 527 934 981
139 139 6 43 186 338 456 614 905
140 140 7 292 569 641 750 833 882 932
141 141 10 15 188 345 357 577 614 819 873 890 964
142 142 4 14 191 288 451
143 143 6 16 163 400 438 805 828
144 144 13 93 117 152 188 265 321 552 653 741 783 829 899 993
145 145 11 110 138 315 344 567 628 691 701 709 850 958
146 146 15 42 56 111 323 328 375 403 473 478 633 683 749 751 761 992
147 147 10 12 86 191 308 323 346 433 514 656 783
148 148 15 18 31 111 117 186 308 368 459 536 645 742 755 851 859 905
149 149 15 6 123 190 261 288 324 370 423 430 448 595 676 704 898 946
150 150 13 90 187 319 349 403 427 485 520 657 704 720 939 981
151 151 12 62 140 210 315 349 603 709 740 773 905 972 980
152 152 4 49 115 387 449
153 153 7 67 307 542 567 741 852 915
154 154 13 32 34 74 194 218 235 305 307 605 618 624 881 959
155 155 6 44 103 427 565 773 821
156 156 9 159 253 322 330 521 750 815 942 992
157 157 9 6 75 166 188 345 498 861 959 981
158 158 9 112 262 308 409 507 567 617 723 791
159 159 4 492 524 562 733
160 160 10 170 254 472 593 691 692 709 735 859 878
161 161 11 191 219 321 349 451 501 542 569 582 766 828
162 162 9 60 86 401 536 552 683 744 751 922
163 163 3 324 843 893
164 164 4 185 215 315 318
165 165 6 445 514 613 713 782 874
166 166 5 315 413 589 607 847
167 167 12 42 56 163 221 239 290 293 307 459 664 672 783
168 168 16 141 158 159 188 202 222 403 531 559 577 593 616 748 783 875 951
169 169 5 324 677 737 812 946
170 170 6 276 428 493 501 553 984
171 171 6 91 281 400 419 512 981
172 172 15 57 132 189 254 461 488 514 656 686 747 761 770 801 822 874
173 173 6 123 161 261 406 720 867
174 174 7 0 545 607 821 844 878 931
175 175 14 104 202 430 482 532 628 668 739 750 823 874 889 916 925
176 176 7 110 113 121 170 621 710 917
177 177 17 41 57 230 270 279 449 523 601 645 652 671 724 862 886 905 923 939
178 178 12 43 146 221 267 285 308 448 562 653 869 876 920
179 179 14 1 86 166 221 331 416 428 522 587 608 620 653 720 928
180 180 7 129 205 221 459 515 882 978
181 181 12 170 335 344 351 364 365 435 472 492 565 601 791
182 182 7 29 319 427 458 472 691 893
183 183 16 30 49 154 191 276 301 408 435 446 523 593 681 704 730 853 931
184 184 16 4 14 19 143 186 218 279 338 395 396 443 491 593 802 891 928
185 185 6 132 134 220 295 400 863
186 186 12 43 72 88 113 128 184 304 577 603 850 902 967
187 187 9 194 335 400 448 478 564 598 696 730
188 188 6 102 272 614 711 741 910
189 189 9 187 276 321 351 454 652 737 854 938
190 190 9 30 152 319 403 641 653 656 861 945
191 191 10 160 209 337 345 471 524 542 715 945 984
192 192 5 118 162 244 318 742
193 193 12 60 205 285 300 324 331 342 494 609 867 872 915
194 194 3 0 128 295
195 195 9 21 37 100 218 395 457 670 828 951
196 196 12 129 271 406 419 521 668 828 880 889 891 934 963
197 197 10 121 191 244 321 501 542 569 828 930 990
198 198 7 262 531 614 663 815 850 852
199 199 3 26 431 448
200 200 9 117 318 416 544 690 751 850 893 979
201 201 6 69 315 321 403 660 973
202 202 12 1 75 221 389 440 514 589 668 692 858 917 950
203 203 8 21 56 196 277 564 824 890 951
204 204 12 37 90 191 273 413 593 599 704 805 874 891 978
205 205 7 8 198 267 408 555 593 595
206 206 5 117 160 163 593 739
207 207 15 1 8 16 132 161 163 187 261 327 400 438 478 805 821 828
208 208 12 38 81 310 331 424 587 709 740 919 920 921 946
209 209 9 141 254 308 507 524 725 738 739 815
210 210 11 108 368 396 478 596 668 702 792 918 964 997
211 211 9 16 178 308 323 327 408 555 801 917
212 212 5 358 455 636 717 963
213 213 4 349 421 657 725
214 214 8 131 185 189 255 449 492 609 690
215 215 8 279 310 472 541 739 746 858 968
216 216 9 34 141 185 324 549 618 852 909 942
217 217 5 60 128 532 744 868
218 218 12 305 336 550 616 617 639 723 791 862 898 917 998
219 219 9 129 451 523 584 657 721 824 935 979
220 220 9 116 185 384 495 524 593 657 748 751
221 221 9 119 141 345 390 523 589 620 690 782
222 222 8 25 301 305 395 400 605 859 966
223 223 14 195 245 281 321 324 523 587 614 639 765 815 931 962 983
224 224 11 200 271 275 404 663 672 741 774 794 853 889
225 225 9 21 117 140 400 409 419 595 792 801
226 226 12 34 140 185 188 341 393 494 502 625 640 674 801
227 227 6 1 39 131 194 276 407
228 228 16 23 34 199 221 320 425 457 518 609 615 682 719 898 944 951 966
229 229 13 30 46 195 239 276 308 425 507 549 597 709 919 932
230 230 5 116 200 219 619 867
231 231 11 191 194 245 387 438 542 686 734 813 950 975
232 232 11 30 88 230 474 533 680 686 733 764 837 967
233 233 8 46 210 265 409 479 501 593 913
234 234 7 209 216 507 582 589 616 672
235 235 9 0 18 39 66 91 285 452 667 671
236 236 17 60 132 205 240 271 318 395 578 596 599 619 644 691 833 867 919 951
237 237 13 81 91 99 277 492 496 516 566 607 645 781 896 938
238 238 6 335 364 492 565 617 912
239 239 11 141 194 316 345 390 457 523 686 690 963 971
240 240 6 10 178 239 308 746 932
241 241 9 154 209 215 234 261 276 375 408 925
242 242 11 244 246 330 396 401 406 471 531 550 617 646
243 243 8 2 154 192 194 205 440 586 898
244 244 14 43 44 132 221 267 668 849 863 869 889 891 917 920 934
245 245 11 14 143 279 338 427 491 802 821 878 891 928
246 246 9 159 577 593 748 764 783 857 945 963
247 247 4 108 389 428 578
248 248 11 103 245 308 349 406 451 468 524 709 733 905
249 249 17 24 91 99 154 162 202 416 423 424 601 625 660 806 908 917 959 992
250 250 15 11 67 115 179 344 498 526 558 781 822 850 861 925 946 981
251 251 13 15 57 72 105 135 141 303 431 588 744 792 853 974
252 252 8 230 376 408 585 829 846 914 925
253 253 8 60 116 136 205 303 449 477 621
254 254 7 24 30 100 172 408 482 879
255 255 8 152 308 399 601 654 811 875 893
256 256 10 111 190 210 318 419 679 685 805 868 900
257 257 13 19 34 39 72 203 271 308 593 798 829 895 920 939
258 258 8 270 336 364 440 521 549 900 951
259 259 11 67 117 224 268 376 426 443 514 531 614 750
260 260 11 103 117 124 143 215 236 315 596 692 831 886
261 261 12 4 117 172 254 307 321 345 504 566 593 649 815
262 262 8 34 344 406 773 800 831 909 925
263 263 11 18 322 455 458 504 589 592 768 802 862 875
264 264 17 26 97 168 227 321 351 387 417 441 467 659 686 720 764 766 768 893
265 265 9 10 19 91 345 395 396 591 632 769
266 266 8 108 205 218 249 521 538 542 843
267 267 6 111 545 706 737 739 773
268 268 12 72 76 141 159 334 348 599 654 703 803 879 917
269 269 15 123 124 327 328 364 481 517 526 616 620 654 746 766 808 925
270 270 14 34 141 384 400 428 600 601 615 653 677 703 790 919 978
271 271 11 184 240 425 472 495 609 692 805 857 873 916
272 272 6 239 366 400 419 512 618
273 273 6 172 359 577 593 952 987
274 274 12 18 170 215 322 409 458 504 523 592 690 768 802
275 275 15 113 129 191 238 266 308 516 517 588 619 677 811 850 854 952
276 276 11 90 161 219 416 533 577 593 601 613 674 676
277 277 10 12 30 34 87 173 190 385 555 588 800
278 278 20 14 141 189 192 205 308 387 470 478 479 500 562 614 723 724 783 865 917 958 981
279 279 6 67 178 427 571 617 775
280 280 10 12 141 204 269 318 336 345 558 624 670
281 281 12 18 60 117 128 142 275 445 448 612 618 645 790
282 282 14 98 147 364 390 455 589 741 742 781 859 862 873 875 963
283 283 12 225 319 419 505 579 582 653 709 952 958 959 978
284 284 6 131 255 474 609 902 966
285 285 13 162 189 190 215 262 292 321 359 463 549 701 898 906
286 286 9 6 245 448 591 593 664 668 718 846
287 287 4 152 318 589 856
288 288 4 177 191 305 774
289 289 9 141 162 408 423 686 732 824 846 953
290 290 8 15 100 229 314 319 406 657 685
291 291 12 74 143 322 402 459 628 742 755 792 831 895 992
292 292 9 42 195 283 395 523 700 831 844 846
293 293 13 108 186 210 275 338 344 365 395 500 724 788 916 991
294 294 13 103 196 213 315 334 394 449 630 662 709 751 881 993
295 295 13 30 49 186 221 254 275 408 416 434 589 807 808 991
296 296 21 3 16 34 90 158 300 321 408 492 544 595 609 615 625 732 737 741 747 784 946 970
297 297 7 12 258 433 538 625 831 964
298 298 18 38 70 234 265 316 345 358 427 549 550 552 654 677 735 773 912 938 970
299 299 12 186 190 253 279 327 352 443 478 491 512 565 664
300 300 6 221 310 322 473 587 878
301 301 2 106 657
302 302 11 87 108 137 265 308 616 773 917 920 945 949
303 303 6 123 416 533 599 724 938
304 304 12 14 141 319 321 458 478 485 582 599 615 858 917
305 305 8 32 129 234 423 824 923 946 967
306 306 10 49 81 218 419 748 774 917 939 967 984
307 307 14 1 18 28 117 145 146 178 210 232 266 288 417 586 872
308 308 14 214 337 396 407 411 567 588 663 724 826 833 923 970 977
309 309 10 19 221 234 321 325 416 438 449 852 923
310 310 14 21 39 140 170 178 189 213 277 384 395 663 774 946 963
311 311 18 13 18 43 87 186 189 221 239 241 279 331 395 545 614 688 822 859 918
312 312 7 170 244 457 744 776 805 974
313 313 6 48 194 563 612 624 801
314 314 8 152 202 357 419 532 659 690 718
315 315 8 67 181 196 628 692 747 773 979
316 316 6 34 315 445 527 685 780
317 317 14 23 74 143 220 265 349 390 478 577 628 742 872 878 898
318 318 7 185 246 308 478 790 815 831
319 319 13 11 362 522 563 582 596 610 617 679 750 815 898 966
320 320 7 396 490 704 799 889 932 958
321 321 10 8 19 113 140 258 351 375 478 669 703
322 322 4 457 709 755 891
323 323 6 261 479 593 748 916 939
324 324 16 6 78 131 152 184 254 452 492 504 599 644 717 718 780 822 857
325 325 11 75 100 117 524 562 595 621 624 628 721 783
326 326 6 8 98 545 580 706 821
327 327 9 86 207 396 474 511 747 769 868 916
328 328 10 136 258 302 322 344 399 552 828 881 932
329 329 9 99 162 227 376 555 605 653 872 894
330 330 7 34 111 589 797 830 893 945
331 331 6 232 365 524 659 709 898
332 332 10 18 322 457 563 593 641 693 925 934 984
333 333 12 110 189 529 620 662 725 739 816 829 864 895 959
334 334 11 46 97 121 166 219 375 458 577 589 615 914
335 335 9 21 244 308 514 542 743 748 842 966
336 336 9 47 313 542 600 692 747 755 822 928
337 337 10 162 186 190 318 419 448 608 851 921 977
338 338 14 1 44 85 210 318 478 589 595 827 829 858 898 958 988
339 339 6 135 186 314 552 637 709
340 340 9 140 194 254 396 408 461 719 882 891
341 341 15 14 16 28 112 123 190 261 351 430 448 689 704 737 946 971
342 342 3 29 815 903
343 343 6 33 123 394 527 532 749
344 344 7 324 396 416 427 431 821 878
345 345 8 33 102 351 504 698 703 791 938
346 346 9 18 139 261 352 495 546 562 589 733
347 347 14 60 162 190 230 321 427 435 478 701 741 751 854 914 928
348 348 7 178 241 343 599 754 898 953
349 349 8 277 402 593 615 819 842 906 952
350 350 8 2 89 323 427 497 599 842 881
351 351 15 162 203 210 313 349 408 459 507 514 593 595 622 810 935 964
352 352 8 161 315 349 611 623 738 831 886
353 353 21 19 34 87 90 102 178 181 239 298 335 357 455 491 593 733 773 800 861 872 921 981
354 354 12 186 248 277 293 326 375 514 589 619 703 816 833
355 355 13 48 102 321 523 610 619 641 737 755 797 805 932 965
356 356 4 0 596 829 863
357 357 10 56 101 202 428 653 755 831 893 898 992
358 358 5 128 329 545 872 981
359 359 8 111 190 213 310 605 805 896 946
360 360 12 19 301 316 364 375 426 427 495 742 749 828 932
361 361 11 32 143 265 270 284 315 609 623 717 831 992
362 362 14 22 215 219 241 308 367 388 423 497 589 618 621 741 944
363 363 17 4 42 162 222 270 308 318 322 457 502 523 638 846 881 889 925 935
364 364 7 28 210 238 239 308 406 764
365 365 7 67 307 542 567 741 852 915
366 366 14 24 56 113 155 244 358 427 542 577 580 601 718 833 868
367 367 15 81 190 261 277 350 596 617 663 680 692 723 791 819 898 959
368 368 9 63 263 664 680 733 739 768 846 967
369 369 21 32 56 175 245 292 362 366 409 544 563 582 589 613 721 794 847 935 939 966 977 981
370 370 13 215 293 390 550 585 606 653 656 663 847 912 919 970
371 371 13 2 14 134 190 244 401 558 583 830 861 912 974 984
372 372 10 129 266 406 424 521 593 659 866 880 963
373 373 6 26 366 798 828 857 867
374 374 16 67 87 113 123 238 276 328 352 429 524 680 748 797 867 891 917
375 375 10 184 244 524 596 697 756 853 917 959 977
376 376 4 69 170 577 646
377 377 15 75 101 117 200 221 244 267 355 458 601 746 822 843 912 920
378 378 9 75 310 390 577 599 617 629 630 916
379 379 7 132 155 421 427 507 558 749
380 380 13 199 215 221 388 423 497 589 609 615 621 718 898 944
381 381 4 60 586 595 792
382 382 8 194 213 229 261 318 437 455 965
383 383 6 91 514 635 846 850 984
384 384 9 30 159 358 400 445 531 612 691 720
385 385 15 6 110 162 191 194 196 384 425 444 544 600 676 788 805 878
386 386 11 186 194 221 250 319 408 474 507 601 735 810
387 387 16 6 42 123 187 207 242 412 455 577 587 602 680 737 839 992 997
388 388 14 14 50 56 67 290 444 448 549 656 663 744 801 856 925
389 389 18 22 124 135 189 293 417 455 474 477 478 559 582 689 699 717 829 939 946
390 390 10 190 321 368 431 505 618 672 691 704 734
391 391 9 48 98 261 271 345 431 489 748 751
392 392 10 1 12 194 272 304 335 529 582 766 871
393 393 15 32 60 98 240 319 335 344 366 435 474 531 544 632 829 946
394 394 13 28 117 280 335 349 409 420 444 457 470 567 599 617
395 395 8 21 90 304 455 495 707 887 970
396 396 15 63 72 111 115 147 161 210 328 589 725 739 797 878 889 945
397 397 15 1 33 141 215 351 431 433 513 664 827 908 915 951 979 995
398 398 8 93 186 202 210 593 724 875 939
399 399 10 24 29 30 86 215 365 495 496 738 770
400 400 15 67 108 185 327 339 393 408 544 568 617 704 706 718 778 934
401 401 9 14 100 227 347 406 589 820 846 868
402 402 9 186 408 428 543 595 616 859 959 965
403 403 7 190 321 478 751 791 881 898
404 404 11 42 195 324 331 448 470 479 481 741 946 959
405 405 15 8 116 123 262 382 478 545 706 828 833 853 873 905 987 990
406 406 11 119 189 190 301 346 428 435 588 748 851 995
407 407 9 16 49 67 160 262 273 455 850 931
408 408 8 135 186 314 552 563 637 709 889
409 409 14 21 113 144 387 390 416 457 472 567 588 632 732 766 886
410 410 7 18 54 218 339 406 425 964
411 411 12 0 218 319 401 451 495 545 607 821 844 878 931
412 412 16 51 152 170 277 324 378 452 507 543 614 802 812 914 917 932 959
413 413 8 93 202 490 612 635 724 826 889
414 414 15 56 60 207 221 290 293 337 366 378 419 542 589 635 664 672
415 415 17 86 111 253 315 321 347 470 492 514 653 668 694 741 747 748 820 827
416 416 9 141 186 244 319 388 595 635 702 751
417 417 13 12 72 161 186 271 489 549 557 603 639 651 689 700
418 418 13 66 99 141 308 408 575 636 653 659 664 771 886 959
419 419 11 8 271 275 303 408 431 593 741 774 919 946
420 420 5 117 427 640 861 877
421 421 17 138 192 215 220 318 388 408 423 443 497 589 621 742 801 857 944 972
422 422 14 141 167 194 389 426 431 478 482 562 601 619 667 876 981
423 423 13 189 265 339 342 408 443 578 738 764 784 828 878 919
424 424 3 32 242 267
425 425 9 56 167 179 189 298 357 431 871 979
426 426 10 29 132 162 186 196 345 448 608 660 921
427 427 7 86 445 577 656 739 922 931
428 428 12 154 230 507 539 544 557 614 621 635 815 879 984
429 429 18 117 125 151 161 250 273 304 394 401 419 426 524 618 682 703 805 922 993
430 430 8 103 300 321 449 764 766 773 992
431 431 7 2 151 154 401 440 703 898
432 432 8 20 431 478 485 649 749 805 958
433 433 15 32 57 60 72 172 184 356 656 669 740 741 776 861 867 959
434 434 16 19 62 158 210 230 248 308 310 612 619 740 774 799 846 921 963
435 435 5 143 308 364 366 478
436 436 15 48 138 185 189 344 441 459 567 593 595 628 691 701 850 860
437 437 14 44 60 91 128 140 159 239 270 336 440 521 619 900 977
438 438 11 99 104 186 514 592 593 861 875 886 922 959
439 439 8 44 215 335 345 408 653 668 724
440 440 8 128 134 241 252 593 621 746 805
441 441 12 166 375 390 424 458 500 523 638 677 770 819 873
442 442 10 32 67 250 308 331 443 562 633 821 903
443 443 8 34 132 195 307 390 512 552 733
444 444 15 18 28 56 141 143 166 187 270 344 478 544 567 614 622 692
445 445 13 5 42 110 121 367 395 470 521 555 620 662 831 959
446 446 5 393 431 433 709 724
447 447 14 141 279 459 526 533 635 667 861 876 888 891 921 946 981
448 448 15 0 19 62 162 181 293 459 552 599 750 790 822 829 923 995
449 449 7 274 310 550 668 711 855 944
450 450 5 154 185 701 886 995
451 451 12 34 111 445 489 492 524 562 613 721 751 810 828
452 452 10 4 21 110 194 331 455 497 507 672 937
453 453 12 46 78 112 141 191 250 553 668 889 891 934 952
454 454 11 313 315 558 667 679 720 737 831 842 900 944
455 455 10 158 319 328 421 558 586 596 671 815 917
456 456 10 12 170 524 557 578 632 681 700 785 867
457 457 11 102 191 277 315 478 608 830 856 893 928 970
458 458 9 42 67 191 398 400 427 542 709 853
459 459 5 24 186 425 600 805
460 460 13 113 209 245 262 301 348 427 473 524 542 603 801 881
461 461 11 38 83 117 375 478 830 880 898 910 937 959
462 462 15 15 42 56 57 72 110 178 194 558 596 668 793 862 870 922
463 463 9 186 304 308 328 720 765 797 798 912
464 464 14 30 98 244 261 318 330 396 401 531 617 646 653 751 934
465 465 14 18 116 141 187 195 239 285 300 645 704 731 751 778 852
466 466 12 28 81 98 100 136 230 262 286 389 593 859 886
467 467 8 34 232 384 406 481 491 900 949
468 468 7 86 117 187 478 749 774 917
469 469 5 250 517 621 718 861
470 470 9 356 406 428 589 649 711 749 814 916
471 471 10 57 166 285 345 413 427 601 645 905 939
472 472 6 186 459 595 610 704 779
473 473 13 5 163 218 230 449 458 587 589 704 720 740 857 901
474 474 14 160 186 234 235 348 445 489 584 605 614 622 886 961 967
475 475 6 149 262 307 620 645 859
476 476 4 140 596 644 867
477 477 10 152 202 357 419 532 652 668 690 756 949
478 478 11 54 170 279 356 427 599 649 773 774 815 973
479 479 8 39 310 315 384 444 492 641 776
480 480 7 365 366 384 406 707 709 854
481 481 7 26 147 478 490 578 805 858
482 482 7 32 396 667 680 741 743 861
483 483 8 178 229 295 438 542 596 668 917
484 484 14 84 132 163 234 376 391 588 623 689 730 768 776 809 952
485 485 12 44 62 158 159 210 421 586 671 740 815 917 977
486 486 14 26 111 221 253 315 340 347 365 375 443 589 662 733 806
487 487 6 190 292 313 536 744 781
488 488 7 146 413 478 584 600 749 879
489 489 9 132 315 330 391 500 600 708 850 879
490 490 15 6 19 51 195 290 301 321 448 538 557 646 761 864 898 922
491 491 13 15 31 48 49 191 195 352 388 408 523 721 781 977
492 492 9 105 117 318 521 623 751 831 878 992
493 493 7 56 141 143 219 334 595 652
494 494 8 100 222 425 426 516 657 671 690
495 495 7 18 194 270 414 461 866 959
496 496 16 1 26 170 186 194 272 305 335 365 389 449 640 657 675 766 871
497 497 14 5 141 232 239 365 524 659 699 702 709 741 750 773 898
498 498 14 56 60 120 179 188 196 203 244 405 408 720 755 792 878
499 499 12 5 14 42 190 209 287 500 577 762 816 925 959
500 500 11 26 113 161 221 224 253 347 662 735 751 920
501 501 16 18 26 30 124 152 154 261 617 680 733 739 770 827 864 878 984
502 502 12 34 132 187 230 365 375 449 478 730 850 914 920
503 503 10 48 188 324 407 416 455 522 709 849 891
504 504 12 22 41 144 219 271 283 345 367 721 741 797 973
505 505 11 131 186 218 395 443 446 593 644 717 718 724
506 506 7 46 445 678 781 845 895 912
507 507 7 24 30 100 172 408 482 879
508 508 7 124 172 422 577 593 683 756
509 509 12 19 168 352 355 567 603 616 665 697 731 826 902
510 510 7 12 321 323 545 593 599 656
511 511 10 116 117 197 357 457 615 653 697 709 959
512 512 7 37 134 406 420 522 593 596
513 513 7 11 30 319 344 569 656 945
514 514 10 34 135 138 218 270 477 657 686 826 883
515 515 4 232 384 900 949
516 516 12 32 111 141 154 161 336 470 474 601 742 914 919
517 517 6 190 310 315 706 739 968
518 518 10 48 239 315 351 408 544 567 641 799 931
519 519 12 41 72 94 184 296 513 549 699 706 743 876 880
520 520 5 262 331 435 550 563
521 521 16 34 101 110 129 152 186 388 481 489 648 657 664 889 909 920 988
522 522 8 262 267 308 431 449 718 723 791
523 523 6 34 91 162 709 798 801
524 524 14 132 177 181 195 205 318 417 523 542 544 728 778 891 901
525 525 12 23 227 308 406 452 587 597 614 686 837 900 967
526 526 4 87 524 733 790
527 527 11 194 279 337 376 425 448 470 567 588 663 977
528 528 6 86 181 308 458 690 739
529 529 10 16 331 407 481 599 633 709 815 886 896
530 530 10 186 199 323 521 562 726 775 805 893 925
531 531 12 19 113 154 345 375 478 659 669 680 703 807 850
532 532 10 56 387 394 431 452 550 694 720 739 931
533 533 16 42 56 180 236 242 258 273 286 319 351 475 523 562 587 598 917
534 534 12 60 143 170 260 276 386 587 593 677 846 951 978
535 535 10 12 81 87 144 293 336 577 588 725 915
536 536 8 152 452 492 504 514 569 738 833
537 537 12 56 72 86 186 292 328 423 478 544 623 709 822
538 538 8 29 60 162 227 521 593 755 807
539 539 12 30 145 177 303 308 324 384 526 625 656 670 755
540 540 7 19 46 336 408 427 675 875
541 541 9 3 37 78 445 513 566 679 889 981
542 542 8 15 190 267 310 315 555 739 968
543 543 7 91 152 308 502 654 811 928
544 544 9 81 112 191 319 552 616 632 857 882
545 545 8 48 177 318 417 523 542 574 891
546 546 13 6 102 185 349 403 427 444 520 721 852 880 931 973
547 547 19 18 128 241 252 275 318 345 445 448 589 593 618 621 746 769 776 798 846 866
548 548 12 170 184 321 341 421 439 542 653 737 750 778 799
549 549 12 189 261 472 526 582 596 606 697 750 842 853 858
550 550 6 136 234 308 406 680 881
551 551 11 170 245 315 387 540 555 614 778 794 833 867
552 552 11 18 28 32 194 279 324 356 523 596 709 905
553 553 11 42 78 189 319 351 523 553 657 773 905 919
554 554 9 12 288 348 386 558 567 656 852 892
555 555 13 44 74 159 177 321 337 416 427 567 588 663 916 977
556 556 10 81 230 408 492 539 596 645 651 917 941
557 557 10 118 136 162 244 258 318 399 552 742 932
558 558 4 134 348 427 461
559 559 17 14 30 54 69 222 267 283 351 352 388 396 441 474 589 739 746 944
560 560 7 59 90 318 331 455 653 981
561 561 15 29 78 85 108 154 265 304 310 492 550 635 855 878 920 945
562 562 4 227 690 724 764
563 563 7 523 623 723 809 848 861 967
564 564 17 122 146 187 221 236 328 492 577 596 601 653 741 824 831 860 889 997
565 565 10 19 29 170 406 582 680 711 797 861 946
566 566 12 15 131 307 311 336 449 466 612 619 663 744 831
567 567 11 21 366 423 437 659 794 827 862 867 914 973
568 568 3 526 688 889
569 569 9 110 116 318 507 605 690 846 894 952
570 570 6 12 14 34 85 191 748
571 571 5 304 419 426 618 993
572 572 11 11 57 351 448 620 720 749 916 946 966 967
573 573 13 13 30 72 242 276 349 406 446 452 668 733 959 984
574 574 9 16 86 110 313 425 428 635 748 826
575 575 6 276 285 438 670 778 909
576 576 7 31 77 141 194 305 366 852
577 577 11 19 20 431 455 479 589 601 635 649 801 932
578 578 10 258 267 433 538 625 741 805 858 861 964
579 579 13 68 91 108 136 195 234 376 492 539 609 662 741 831
580 580 10 110 215 315 323 410 623 704 709 788 958
581 581 15 18 177 191 210 305 552 585 610 615 720 743 774 842 972 984
582 582 10 28 86 140 207 308 401 552 659 778 908
583 583 10 38 143 194 301 533 564 599 723 816 898
584 584 14 44 85 152 183 186 215 270 437 527 589 776 798 866 874
585 585 6 241 261 579 831 932 981
586 586 7 146 413 478 584 600 749 879
587 587 9 60 142 175 225 331 550 690 709 959
588 588 13 67 183 184 189 194 238 310 495 550 855 873 912 993
589 589 5 321 602 636 859 992
590 590 14 123 187 190 194 227 234 265 477 526 529 574 680 914 967
591 591 13 6 12 207 250 310 408 531 556 706 877 917 920 986
592 592 10 6 46 117 159 161 177 419 470 792 909
593 593 7 139 308 396 452 946 978 999
594 594 5 117 328 390 459 851
595 595 6 111 407 659 668 815 978
596 596 11 56 117 162 221 232 290 293 331 508 664 672
597 597 10 68 139 262 273 314 433 717 793 928 981
598 598 5 18 313 482 570 987
599 599 18 14 20 30 207 220 496 523 532 587 659 740 742 769 803 831 852 918 967
600 600 13 16 18 47 187 239 285 300 414 430 478 704 731 852
601 601 15 123 137 214 308 318 419 429 584 595 607 749 829 850 899 963
602 602 15 30 56 102 147 152 178 185 190 318 376 419 653 657 792 977
603 603 16 32 57 74 108 187 194 199 244 290 318 521 725 925 959 977 985
604 604 12 14 39 191 351 370 737 813 829 850 861 875 984
605 605 4 108 389 428 578
606 606 10 136 146 269 413 414 478 584 600 749 879
607 607 13 14 18 138 288 342 538 542 605 697 800 850 854 989
608 608 8 137 218 239 322 396 523 657 764
609 609 12 136 219 263 327 421 449 474 492 621 630 792 854
610 610 9 21 246 406 471 514 542 550 563 743
611 611 17 153 154 187 202 210 233 293 395 408 438 443 478 492 504 616 720 749
612 612 12 266 285 310 345 426 457 632 711 751 831 854 920
613 613 11 26 96 187 408 443 478 523 749 893 898 931
614 614 10 136 239 303 449 561 621 640 781 908 932
615 615 14 21 86 94 141 387 472 516 595 596 607 680 733 889 938
616 616 18 39 60 203 229 241 245 310 331 349 438 615 635 663 778 828 898 925 946
617 617 12 115 415 440 507 544 617 633 709 861 867 895 925
618 618 6 34 395 523 532 658 879
619 619 8 26 87 123 194 219 569 626 872
620 620 7 99 141 190 427 788 852 878
621 621 8 0 113 187 245 455 633 659 735
622 622 11 117 277 278 318 402 408 514 545 653 668 802
623 623 8 67 161 296 345 474 562 741 873
624 624 5 93 448 465 690 944
625 625 8 14 274 427 429 576 624 704 879
626 626 15 14 56 117 141 146 221 290 293 327 664 672 865 878 899 932
627 627 7 39 400 461 593 704 844 869
628 628 6 135 293 351 563 733 916
629 629 15 44 67 93 113 141 205 288 398 400 550 585 659 810 822 906
630 630 10 75 101 313 428 595 646 710 882 898 912
631 631 5 350 499 600 829 976
632 632 13 10 36 110 478 489 514 664 676 814 865 886 893 916
633 633 15 160 163 175 262 331 350 389 435 550 563 593 699 802 863 912
634 634 10 61 185 234 285 345 376 563 645 978 992
635 635 7 56 286 338 408 532 626 668
636 636 5 60 404 492 742 752
637 637 11 14 46 213 222 411 441 492 589 645 738 931
638 638 11 16 152 241 318 324 396 494 653 774 805 947
639 639 13 21 32 128 326 478 635 685 709 739 830 912 946 952
640 640 5 141 185 224 328 564
641 641 5 179 199 244 563 909
642 642 6 315 408 478 587 614 615
643 643 6 136 230 421 523 634 680
644 644 12 56 91 162 326 427 428 448 653 769 898 923 946
645 645 9 141 185 240 328 442 628 693 747 776
646 646 5 69 195 559 827 891
647 647 5 0 26 519 690 761
648 648 12 16 185 186 219 305 448 479 589 599 615 733 783
649 649 6 43 79 110 315 614 680
650 650 10 117 135 250 387 394 408 468 552 709 922
651 651 7 14 186 220 250 267 585 926
652 652 7 24 90 202 239 281 408 601
653 653 5 119 221 309 489 653
654 654 11 10 18 216 227 349 472 585 693 721 739 764
655 655 10 81 218 235 433 500 598 624 653 657 668
656 656 12 19 34 39 72 203 308 409 451 621 720 853 898
657 657 10 18 509 539 548 608 662 672 764 950 992
658 658 9 105 158 178 308 396 449 538 599 636
659 659 8 0 49 230 336 376 587 847 852
660 660 10 116 117 121 253 271 330 408 509 783 959
661 661 8 128 134 241 252 593 746 789 805
662 662 15 138 189 331 344 458 567 595 628 691 701 778 783 850 886 895
663 663 10 46 108 275 441 502 544 737 819 821 833
664 664 15 14 48 161 163 187 190 207 222 244 396 452 474 511 769 778
665 665 14 1 87 163 194 210 221 272 317 335 639 766 871 893 992
666 666 10 184 190 194 202 293 308 315 690 906 923
667 667 16 14 46 131 245 317 351 397 512 542 580 809 858 912 952 979 994
668 668 12 21 88 202 366 376 408 577 783 828 857 902 959
669 669 16 3 108 152 188 269 308 313 384 410 482 523 538 595 681 712 718
670 670 6 277 523 626 638 677 852
671 671 8 60 86 191 308 318 433 619 691
672 672 9 78 108 186 215 376 425 452 621 720
673 673 9 69 170 425 478 577 619 630 646 663
674 674 11 43 110 162 197 279 308 408 676 909 923 959
675 675 14 43 162 186 187 235 338 456 614 653 718 824 833 905 987
676 676 11 132 335 364 390 492 524 565 617 768 912 963
677 677 8 116 132 181 205 594 778 792 901
678 678 15 26 110 111 115 187 268 329 390 426 514 565 593 847 878 935
679 679 16 49 115 121 141 175 364 396 436 482 577 616 637 731 778 846 872
680 680 8 43 139 449 604 640 675 776 886
681 681 8 5 110 266 344 593 735 893 978
682 682 9 250 308 390 518 555 779 792 964 970
683 683 6 113 315 558 567 892 967
684 684 11 1 35 48 161 190 210 327 704 755 778 851
685 685 12 5 178 210 323 593 636 680 691 751 774 793 967
686 686 17 162 172 194 318 348 364 428 485 578 653 704 742 749 752 825 887 936
687 687 10 20 30 91 128 152 400 686 726 776 844
688 688 5 18 37 670 828 951
689 689 5 132 277 413 589 847
690 690 5 132 402 589 733 816
691 691 7 57 136 258 399 552 932 946
692 692 14 44 139 247 318 335 422 437 448 489 549 654 725 977 985
693 693 10 43 111 326 478 595 749 830 868 912 946
694 694 8 96 121 195 245 321 443 472 584
695 695 12 38 248 275 416 473 490 497 531 587 619 756 898
696 696 7 18 56 215 409 544 589 733
697 697 10 0 230 331 376 482 523 587 601 744 852
698 698 9 194 319 376 408 563 653 829 846 925
699 699 11 178 210 238 239 334 449 709 751 764 822 895
700 700 14 152 172 394 478 587 657 733 772 805 829 867 886 909 959
701 701 11 63 108 132 163 261 378 403 420 739 932 946
702 702 16 1 20 48 161 196 218 230 322 351 443 478 526 659 764 821 883
703 703 8 178 376 442 542 577 601 789 833
704 704 8 115 194 279 376 425 470 593 747
705 705 17 11 21 101 186 187 215 234 235 396 443 478 523 603 656 743 786 831
706 706 13 16 86 98 313 331 422 425 610 615 635 743 972 984
707 707 16 6 90 187 246 406 423 471 550 563 601 783 807 833 916 931 937
708 708 15 24 30 100 136 172 294 303 403 408 449 615 621 693 879 898
709 709 9 7 78 154 386 431 474 492 635 875
710 710 5 78 430 500 615 766
711 711 9 86 401 422 426 452 498 552 615 822
712 712 14 44 84 187 192 194 277 308 395 545 589 741 802 816 859
713 713 13 103 118 160 162 244 318 321 452 460 662 742 842 912
714 714 15 49 74 136 234 258 261 349 389 425 626 676 709 725 756 971
715 715 3 210 389 809
716 716 10 189 239 261 375 430 544 617 618 881 909
717 717 18 116 185 236 419 521 524 577 591 593 619 645 722 751 756 768 850 879 985
718 718 16 48 141 190 203 281 308 327 387 433 512 664 672 720 776 797 877
719 719 8 83 85 185 219 349 737 852 971
720 720 8 85 455 465 482 602 701 748 997
721 721 9 21 117 140 239 595 667 801 891 972
722 722 10 67 113 376 395 427 526 562 766 946 992
723 723 10 152 202 313 327 336 478 482 735 847 852
724 724 10 6 14 138 218 270 457 477 542 805 826
725 725 10 72 339 359 492 600 715 742 822 850 920
726 726 5 138 324 612 666 844
727 727 5 60 138 308 662 822
728 728 17 76 172 200 250 313 324 349 443 445 559 595 668 704 709 741 923 925
729 729 5 387 413 923 984 993
730 730 8 113 144 154 366 474 691 742 919
731 731 12 24 34 67 118 140 178 261 274 393 478 502 893
732 732 11 34 56 111 328 445 489 542 613 721 810 828
733 733 5 270 457 562 802 846
734 734 5 42 186 220 267 448
735 735 15 14 123 170 178 242 275 318 329 349 614 662 803 830 922 928
736 736 11 134 358 420 455 479 522 544 557 677 692 795
737 737 13 12 102 131 134 141 261 318 345 386 479 644 717 718
738 738 12 41 160 207 331 368 408 425 448 589 641 778 958
739 739 7 1 262 615 744 916 979 988
740 740 12 5 26 221 293 295 554 601 659 677 735 739 958
741 741 13 24 102 117 155 219 250 443 614 739 823 827 882 941
742 742 5 108 323 941 959 987
743 743 5 48 384 574 615 677
744 744 12 99 128 227 261 380 492 507 586 619 676 813 918
745 745 5 117 140 595 797 801
746 746 4 831 889 912 980
747 747 13 28 73 111 188 194 210 301 396 492 554 706 806 829
748 748 20 18 113 144 162 187 245 258 313 390 416 457 567 588 601 632 672 886 919 941 987
749 749 14 74 170 194 246 323 328 345 376 507 527 559 593 704 863
750 750 21 34 122 162 187 221 236 308 344 406 500 566 596 599 654 741 773 831 860 879 909 997
751 751 7 39 308 331 345 419 485 879
752 752 12 56 72 86 186 292 328 423 478 544 623 709 822
753 753 10 19 39 72 203 270 523 671 724 743 862
754 754 10 81 112 408 542 552 563 615 769 857 966
755 755 8 140 408 490 552 737 751 815 932
756 756 9 194 241 406 549 614 724 792 833 931
757 757 9 14 15 229 406 437 492 797 831 874
758 758 12 23 28 129 185 323 489 543 653 664 686 889 920
759 759 13 86 108 293 321 421 470 532 735 747 748 764 783 860
760 760 13 2 14 104 162 308 349 401 451 514 566 593 861 984
761 761 9 67 132 162 246 492 571 595 758 912
762 762 14 48 63 67 111 115 335 406 479 526 659 862 878 893 946
763 763 12 18 186 195 240 265 310 318 408 431 766 769 798
764 764 12 6 42 90 154 308 344 345 395 610 692 857 886
765 765 14 34 417 455 542 612 617 626 674 737 739 748 802 822 926
766 766 14 48 162 203 210 329 351 370 408 473 595 616 732 829 852
767 767 7 108 189 351 539 666 717 903
768 768 10 10 26 141 178 221 239 308 396 618 932
769 769 11 18 63 125 220 335 448 562 667 829 879 979
770 770 11 0 132 170 230 376 587 776 805 827 852 905
771 771 9 229 265 329 406 425 437 452 709 959
772 772 11 10 24 302 366 400 560 664 741 748 825 895
773 773 8 56 139 210 254 414 539 811 917
774 774 10 49 188 318 623 723 809 830 848 944 945
775 775 20 103 118 186 194 215 230 351 388 400 408 425 543 564 589 641 733 736 788 869 931
776 776 9 93 218 268 326 376 614 633 773 954
777 777 15 187 204 218 349 379 421 425 585 628 657 680 702 725 762 915
778 778 9 6 97 195 301 382 433 448 761 925
779 779 9 190 307 396 654 686 741 742 889 917
780 780 3 285 319 394
781 781 8 325 351 380 437 586 742 822 918
782 782 8 18 99 168 277 496 523 664 809
783 783 8 39 116 181 288 308 562 853 931
784 784 7 141 249 359 396 428 618 855
785 785 11 86 308 349 445 526 577 656 739 810 922 931
786 786 6 199 482 589 620 683 741
787 787 9 218 286 395 403 408 443 593 601 945
788 788 5 142 258 377 554 852
789 789 12 56 99 221 455 459 460 478 533 595 746 883 981
790 790 12 56 139 210 254 338 414 589 666 749 852 915 917
791 791 7 74 252 293 507 614 626 879
792 792 8 18 170 185 187 331 443 487 886
793 793 9 344 544 577 683 690 737 922 966 993
794 794 7 46 322 400 545 792 829 883
795 795 8 14 186 214 724 826 833 923 932
796 796 8 179 232 304 595 626 687 831 951
797 797 11 76 220 338 502 595 606 751 755 806 915 959
798 798 9 18 108 261 349 472 550 741 764 868
799 799 7 192 242 318 400 664 829 979
800 800 7 148 472 704 739 769 774 918
801 801 14 136 230 384 421 438 457 523 599 617 621 634 680 881 898
802 802 10 30 48 175 232 446 521 612 654 886 980
803 803 5 170 187 664 781 886
804 804 12 138 220 308 408 438 443 675 709 742 801 822 972
805 805 17 49 136 200 258 399 431 440 552 620 720 807 854 861 862 867 905 932
806 806 9 72 240 460 526 599 646 662 699 920
807 807 8 16 24 63 110 207 501 549 831
808 808 15 68 141 186 315 321 335 492 595 659 737 794 799 867 917 981
809 809 14 32 33 115 186 220 351 578 588 668 766 889 891 923 934
810 810 9 108 242 322 331 593 631 641 712 945
811 811 8 8 191 198 267 408 487 593 854
812 812 12 18 51 261 390 424 458 507 588 639 770 862 886
813 813 11 48 117 143 315 370 428 438 595 680 715 801
814 814 12 170 233 273 277 351 521 662 812 819 844 946 980
815 815 7 123 124 172 577 662 683 756
816 816 7 182 390 536 605 633 691 704
817 817 13 34 87 219 395 523 532 593 658 663 682 709 720 879
818 818 15 18 99 110 175 185 187 221 233 244 475 653 751 774 934 941
819 819 12 67 182 262 411 426 473 506 659 746 808 822 934
820 820 18 32 170 172 259 290 474 478 521 558 611 709 742 766 783 792 812 850 858
821 821 14 170 242 275 356 406 428 589 615 649 711 749 814 878 916
822 822 7 67 339 498 521 861 981 992
823 823 11 26 72 94 162 221 300 319 527 620 679 819
824 824 4 394 553 709 979
825 825 25 33 72 141 163 215 275 351 401 431 443 446 513 531 587 653 664 724 737 799 827 846 898 915 951 979
826 826 9 184 215 247 258 507 550 608 852 938
827 827 6 129 194 400 564 824 946
828 828 5 111 182 308 615 702
829 829 10 67 108 163 185 186 346 782 829 891 987
830 830 13 86 190 313 321 429 448 478 507 720 737 751 842 944
831 831 14 10 194 260 287 497 500 612 670 680 686 816 925 937 959
832 832 12 63 108 132 138 261 263 298 378 403 477 917 932
833 833 11 116 196 357 475 607 615 653 654 697 709 959
834 834 10 154 186 389 479 589 750 801 828 854 912
835 835 13 6 160 184 188 190 191 261 313 331 579 620 826 880
836 836 6 3 8 67 178 479 808
837 837 6 31 288 500 527 577 747
838 838 12 39 78 108 494 504 587 624 737 878 891 920 945
839 839 4 77 239 423 562
840 840 9 86 124 162 568 690 737 740 852 920
841 841 7 308 315 549 709 827 919 932
842 842 3 446 726 831
843 843 9 34 140 190 321 408 419 474 558 988
844 844 15 42 108 170 199 239 319 321 352 455 607 616 709 718 733 770
845 845 12 24 90 202 239 281 308 408 471 494 523 601 824
846 846 4 706 725 889 946
847 847 6 145 186 304 543 846 948
848 848 15 41 60 91 142 309 390 614 635 645 783 790 846 850 970 984
849 849 6 100 317 568 667 778 981
850 850 4 210 514 550 701
851 851 11 210 319 426 452 656 664 846 893 945 959 992
852 852 5 30 355 617 664 690
853 853 11 234 239 269 321 395 423 582 662 741 900 984
854 854 4 67 181 628 979
855 855 9 18 31 114 250 324 375 550 617 622
856 856 10 14 266 277 545 632 757 848 910 934 945
857 857 10 57 85 108 290 478 576 616 649 906 959
858 858 13 14 154 305 366 409 550 566 601 639 664 669 734 917
859 859 9 123 190 230 430 448 704 774 799 946
860 860 9 218 322 470 514 545 701 709 746 875
861 861 3 108 195 376
862 862 16 94 167 179 190 308 342 436 462 593 599 630 656 692 709 917 959
863 863 10 347 401 406 422 552 595 636 643 649 820
864 864 17 1 170 313 349 368 599 605 662 668 704 717 744 813 822 846 850 870
865 865 9 268 322 443 458 504 531 592 768 802
866 866 19 16 84 99 186 321 423 577 582 597 607 720 730 748 754 873 875 900 958 978
867 867 13 6 26 202 274 427 448 513 595 779 846 850 917 923
868 868 12 20 86 132 229 230 277 335 351 441 544 817 869
869 869 7 42 324 470 492 826 878 880
870 870 8 21 366 659 827 862 867 914 973
871 871 17 14 32 141 241 261 319 426 458 478 485 582 595 605 615 663 828 858
872 872 13 18 194 252 400 567 615 619 692 796 827 831 850 857
873 873 7 39 60 423 437 677 751 861
874 874 8 180 253 518 525 665 749 795 843
875 875 15 90 170 202 239 281 314 366 400 408 419 512 523 601 622 917
876 876 11 141 146 182 351 390 536 605 633 691 704 737
877 877 16 10 161 196 305 358 406 408 458 470 545 603 641 702 756 896 989
878 878 6 37 170 308 313 427 815
879 879 10 152 195 203 301 614 620 656 720 915 931
880 880 5 431 504 526 601 709
881 881 7 26 43 239 349 778 812 914
882 882 11 20 74 170 376 409 431 514 559 649 704 854
883 883 7 15 32 57 72 305 321 783
884 884 6 232 365 524 659 709 898
885 885 8 34 202 349 395 409 419 778 844
886 886 14 18 56 60 166 172 210 261 555 622 692 866 893 939 992
887 887 16 110 192 329 334 495 507 595 654 657 688 690 788 852 861 894 952
888 888 9 28 108 154 321 524 621 663 822 963
889 889 11 5 121 141 221 239 378 645 688 699 750 824
890 890 3 595 605 915
891 891 11 2 26 43 194 406 408 566 602 739 869 899
892 892 10 5 186 473 504 587 595 711 803 932 979
893 893 15 14 15 102 117 288 307 308 359 448 620 625 703 774 802 853
894 894 7 102 135 448 478 504 709 959
895 895 14 93 108 186 202 248 275 441 490 724 821 826 875 946 952
896 896 8 186 277 376 648 653 733 749 822
897 897 8 102 155 589 614 640 733 747 827
898 898 16 30 67 186 308 321 336 413 438 533 539 805 851 857 858 875 973
899 899 5 18 110 241 562 690
900 900 10 6 28 187 301 315 412 587 680 737 741
901 901 9 49 90 240 329 472 609 645 692 916
902 902 13 19 293 396 406 408 507 579 602 653 671 837 878 947
903 903 13 74 140 226 234 321 433 524 585 615 623 676 709 772
904 904 11 241 275 277 321 324 390 395 419 427 524 916
905 905 10 91 322 351 402 516 607 751 850 914 938
906 906 5 91 170 721 829 992
907 907 13 102 207 297 363 364 419 430 445 507 524 595 826 959
908 908 12 77 82 98 115 240 302 319 335 344 364 632 662
909 909 17 67 219 305 307 449 496 542 567 589 615 712 733 741 792 852 898 915
910 910 13 2 102 141 159 187 261 402 532 667 737 862 898 974
911 911 10 248 298 376 561 574 672 858 908 945 992
912 912 3 28 136 593
913 913 7 44 67 141 159 288 550 577
914 914 12 12 87 108 199 313 370 492 597 628 725 737 994
915 915 15 24 32 186 292 417 425 429 471 550 558 600 653 790 797 805
916 916 11 18 67 118 321 365 465 636 704 774 806 822
917 917 8 187 279 321 339 431 545 822 990
918 918 5 334 345 504 559 869
919 919 12 166 185 269 277 406 461 550 663 679 680 692 946
920 920 12 161 178 242 323 329 394 554 662 879 928 959 964
921 921 10 308 345 505 523 542 653 657 663 783 851
922 922 11 99 221 396 455 460 478 494 533 869 883 992
923 923 5 187 204 585 702 915
924 924 14 43 72 100 117 353 566 624 628 751 783 824 892 944 980
925 925 3 375 571 970
926 926 6 60 119 180 345 741 915
927 927 9 43 111 544 545 554 595 749 868 874
928 928 14 14 69 161 283 388 396 416 523 593 678 739 800 898 939
929 929 8 246 273 357 593 725 768 773 898
930 930 10 5 83 186 349 375 406 443 504 880 932
931 931 17 14 76 179 218 308 342 438 446 462 544 575 599 709 828 874 889 932
932 932 17 43 76 90 184 185 186 215 318 331 338 456 513 601 614 739 896 905
933 933 15 45 60 86 261 408 435 474 504 558 612 632 686 725 739 966
934 934 10 32 42 90 103 147 692 857 886 948 992
935 935 2 117 967
936 936 8 56 322 349 523 565 656 657 992
937 937 7 138 220 408 443 742 801 972
938 938 6 60 275 423 437 794 916
939 939 7 86 136 279 545 597 834 946
940 940 14 14 63 248 326 403 464 542 623 667 680 768 783 846 963
941 941 9 46 210 267 409 479 501 567 724 821
942 942 4 46 152 523 900
943 943 12 14 43 143 197 279 308 338 491 802 891 928 959
944 944 7 44 108 318 403 422 957 992
945 945 7 108 185 316 427 457 589 735
946 946 8 14 111 140 249 328 720 856 889
947 947 16 24 39 48 60 100 162 194 215 229 245 286 345 385 424 601 868
948 948 3 19 720 979
949 949 11 2 42 192 308 309 459 498 614 869 916 964
950 950 14 5 48 86 187 222 254 258 420 731 857 901 919 941 952
951 951 16 129 276 301 310 446 489 551 612 664 685 709 730 853 889 920 959
952 952 15 131 170 186 270 376 524 578 632 644 645 650 717 718 724 910
953 953 10 6 108 117 154 229 403 414 755 821 837
954 954 12 49 56 204 229 344 376 406 409 492 583 653 792
955 955 8 102 118 162 240 308 395 447 566
956 956 5 108 265 773 920 945
957 957 16 76 110 254 408 419 438 576 587 672 704 738 746 807 808 959 991
958 958 18 107 190 253 318 322 324 330 351 376 419 521 653 690 741 746 779 851 977
959 959 5 776 791 866 881 898
960 960 9 37 78 81 98 389 445 513 859 886
961 961 10 63 111 136 183 414 492 527 562 798 807
962 962 9 56 209 322 349 523 565 656 657 992
963 963 6 2 67 141 422 440 628
964 964 20 23 41 81 143 258 265 349 350 390 478 485 563 577 617 679 694 723 791 878 889
965 965 10 204 221 330 376 390 449 521 524 577 751
966 966 10 8 345 356 485 608 656 719 874 889 901
967 967 11 191 194 210 431 478 649 701 827 833 842 945
968 968 19 21 111 161 163 478 523 583 608 641 652 703 742 744 778 781 783 879 912 967
969 969 9 15 162 473 532 624 671 680 721 850
970 970 9 172 307 321 474 593 649 746 815 944
971 971 7 419 512 552 605 612 824 828
972 972 10 33 110 113 199 218 428 593 635 748 826
973 973 12 20 186 247 310 348 388 489 507 577 621 681 967
974 974 9 0 102 186 195 254 501 563 919 925
975 975 9 21 23 86 185 189 205 322 557 577
976 976 14 111 195 321 328 376 576 645 648 737 739 773 802 923 967
977 977 15 108 170 172 183 265 271 290 389 422 478 558 741 742 766 850
978 978 12 61 250 308 319 331 446 479 567 593 600 951 978
979 979 7 270 335 668 728 821 829 967
980 980 10 2 89 250 323 427 490 497 599 842 881
981 981 10 86 149 310 429 526 584 654 746 930 944
982 982 5 263 406 473 787 987
983 983 12 21 73 86 163 170 358 408 663 704 733 775 783
984 984 10 292 366 569 598 641 718 750 833 932 941
985 985 8 6 375 399 485 609 616 668 739
986 986 11 155 315 321 408 507 515 558 707 780 783 852
987 987 11 133 152 194 242 269 542 587 589 846 880 889
988 988 5 35 431 452 550 664
989 989 12 117 156 308 326 384 435 451 702 741 773 946 992
990 990 3 119 597 792
991 991 6 170 245 387 540 778 833
992 992 12 60 119 185 221 261 345 519 521 544 614 741 915
993 993 10 32 99 186 275 401 531 587 741 898 932
994 994 10 187 192 258 301 346 660 919 941 967 981
995 995 7 188 427 449 523 653 738 802
996 996 5 492 593 746 869 883
997 997 8 132 155 421 427 452 507 558 749
998 998 11 6 49 184 310 403 614 723 742 778 829 947
999 999 15 96 121 245 265 330 431 437 489 499 549 596 784 822 916 919
1000 1000 16 11 110 117 124 132 302 322 327 344 507 532 577 751 765 875 967
